Yield, Times
0,74  
1,137  
2,149  
3,192  
4,203  
5,192  
6,225  
7,199  
8,222  
9,216  
10,200  
11,212  
12,165  
13,169  
14,193  
15,178  
16,156  
17,147  
18,150  
19,128  
20,119  
21,137  
22,135  
23,104  
24,126  
25,118  
26,104  
27,102  
28,92  
29,93  
30,96  
31,85  
32,98  
33,86  
34,83  
35,85  
36,75  
37,91  
38,77  
39,68  
40,93  
41,89  
42,70  
43,92  
44,81  
45,83  
46,85  
47,79  
48,95  
49,103  
50,132  
51,145  
52,179  
53,206  
54,254  
55,253  
56,274  
57,262  
58,274  
59,283  
60,284  
61,197  
62,206  
63,189  
64,150  
65,116  
66,92  
67,53  
68,45  
69,15  
70,17  
71,10  
72,8  
73,3  
74,0  
75,1  
76,1  
77,0  
78,0  
79,0  
80,0  
81,0  
82,0  
83,0  
84,0  
85,0  
86,0  
87,0  
88,0  
89,0  
90,0  
91,0  
92,0  
93,0  
94,0  
95,0  
96,0  
97,0  
98,0  
99,0